23590.066406
34204.636719
37656.601562
5006.110840
4740.986328
4574.754883
10571.362305
10863.762695
10418.245117
26833.857422
7448.719238
30931.128906
21041.460938
6564.729004
22458.621094
11598.511719
11012.135742
25534.509766
14537.807617
13822.943359
10574.476562
16649.683594
16306.398438
13749.854492
22783.039062
22430.003906
16574.144531
25610.158203
25279.167969
21565.025391
24209.742188
41612.296875
25386.517578
30381.152344
40575.156250
10902.563477
5759.056152
5287.035645
13771.148438
11376.574219
10804.875000
16573.744141
14294.901367
13611.539062
22981.529297
17452.158203
16898.853516
25560.566406
23316.453125
22203.822266
11401.106445
26327.298828
25290.898438
13934.688477
43627.656250
39189.972656
16753.394531
28750.359375
25370.037109
22042.894531
5097.006836
5433.931152
24552.958984
10581.688477
10859.305664
9751.045898
13070.078125
13010.041016
13297.575195
16601.289062
16528.490234
15491.756836
21816.076172
21780.550781
21057.978516
25302.878906
25950.378906
25247.488281
30618.892578
40536.339844
10394.031250
26077.550781
36502.375000
13570.457031
5338.074707
5197.038086
15821.791016
10415.922852
10104.333984
22376.884766
14372.903320
13872.675781
25558.960938
17507.710938
16896.494141
10808.443359
22540.759766
21955.060547
13891.307617
25719.720703
24937.078125
16749.890625
23890.400391
32914.035156
22001.685547
20314.480469
24845.126953
25301.580078
5559.140625
5720.631836
11012.341797
11504.170898
11038.783203
13469.144531
13878.783203
13405.120117
14415.001953
14953.871094
15516.116211
21974.111328
22726.464844
22561.855469
24739.314453
25297.892578
24704.595703
10562.721680
23125.064453
30471.816406
12885.221680
22757.843750
40113.277344
15765.914062
4555.387695
4391.487793
21791.335938
10954.691406
10378.063477
24862.462891
13765.831055
13224.861328
10690.548828
16943.578125
16133.664062
13747.080078
22798.050781
21973.371094
16074.768555
25225.212891
24262.792969
21761.837891
38927.046875
42560.136719
25520.966797
38080.886719
29036.935547
10763.714844
5365.229004
4576.331055
13485.765625
11040.543945
10163.604492
16456.900391
14246.942383
13207.093750
22063.285156
17193.958984
16114.270508
24693.691406
22544.472656
21642.683594
10669.683594
25549.099609
24975.810547
11748.024414
34870.980469
13862.931641
12079.998047
39186.417969
22020.835938
19344.667969
39250.062500
24256.505859
24093.597656
10077.875977
10046.879883
10444.542969
13347.152344
13137.737305
12971.556641
16149.382812
15693.518555
15712.569336
21974.103516
21376.818359
22019.015625
25450.980469
24829.224609
24833.140625
41333.613281
32133.908203
10576.792969
34963.281250
30075.787109
13269.952148
4476.278320
4808.844727
16160.704102
10458.630859
10316.350586
21451.441406
13073.405273
12660.072266
25160.492188
17010.453125
15838.855469
10767.627930
22785.703125
21408.169922
13158.169922
25286.828125
23881.365234
16750.009766
24217.378906
37298.082031
21824.429688
43011.718750
48059.542969
24850.320312
5086.864746
5283.041016
8877.312500
8936.309570
9674.315430
7435.990234
5999.999512
9317.140625
16385.871094
16604.574219
16017.001953
22193.601562
22385.929688
21714.089844
24564.650391
25248.619141
24450.082031
10196.140625
34505.371094
26098.908203
13312.521484
33341.214844
30405.369141
16126.017578
4689.922363
4707.587891
21535.216797
10001.327148
9898.831055
24315.687500
13142.108398
12998.594727
10334.754883
16296.363281
15778.039062
13459.182617
22539.402344
21527.734375
16834.292969
26081.054688
24652.316406
22587.660156
40395.378906
34098.011719
25298.185547
29958.712891
29343.373047
10707.864258
5330.007324
4724.751953
12666.533203
10478.872070
9747.288086
15648.469727
13249.403320
12854.464844
19915.593750
13837.125000
14969.796875
23596.136719
21323.501953
20739.701172
10375.618164
25093.138672
24543.789062
14349.656250
39264.820312
18981.017578
16296.515625
25742.148438
42409.562500
22196.658203
4761.704590
5304.520508
24847.988281
8668.167969
10237.355469
10071.877930
13227.326172
12975.626953
12770.649414
15956.825195
15641.786133
15935.846680
22041.078125
21626.654297
21939.439453
25444.882812
24526.486328
25322.876953
33846.929688
19453.984375
11038.462891
42418.316406
30329.394531
14425.381836
6206.738770
5273.839355
16907.253906
11722.591797
10820.076172
21750.654297
13537.125000
13091.926758
23926.179688
15414.915039
15146.680664
9580.513672
21455.732422
21853.414062
13199.096680
25099.662109
24447.636719
16322.833984
33621.488281
38309.589844
22015.443359
39967.796875
29300.123047
24462.089844
4703.581543
4633.279785
10751.026367
10963.747070
10008.848633
14375.250977
15025.738281
13583.275391
17248.904297
18101.074219
16555.943359
22626.417969
23279.566406
22175.730469
24552.080078
25134.777344
24393.039062
9601.332031
36063.011719
40443.914062
13656.313477
9776.604492
46332.835938
15727.864258
24019.216797
4280.149414
23288.746094
11480.130859
10919.825195
25752.791016
14859.995117
13700.356445
10907.522461
17185.914062
15898.700195
12934.813477
22008.488281
21021.515625
11930.091797
22482.144531
23023.869141
21667.744141
25114.455078
7503.021484
25127.291016
14574.521484
47376.417969
11287.625977
5765.041504
4631.221191
12956.380859
10122.878906
9075.544922
16878.767578
13838.217773
12660.643555
22271.755859
16679.615234
15965.017578
23679.701172
21553.488281
21177.580078
9710.365234
24579.511719
22799.003906
14366.916016
4535.420410
36839.164062
16504.707031
29027.322266
34231.875000
10120.032227
40443.554688
34338.222656
12719.846680
39819.441406
22058.398438
15888.278320
4282.564941
4394.581055
20771.781250
9103.735352
9817.785156
24312.751953
12544.178711
13159.740234
9541.445312
15168.238281
15455.458008
12778.633789
21364.095703
21495.146484
14753.378906
23414.777344
23693.765625
20915.568359
42389.093750
34575.109375
24943.158203
21881.152344
42554.734375
10051.652344
4577.103516
31939.578125
12525.772461
9817.786133
9448.393555
15866.811523
13117.154297
12821.893555
22093.449219
16580.273438
15813.816406
24332.404297
21766.011719
21331.669922
9921.649414
24056.937500
24564.945312
13346.985352
17425.150391
25336.548828
15771.576172
41385.230469
38035.414062
21953.498047
4593.890137
5009.002441
25235.578125
10722.682617
10615.176758
9156.914062
11859.090820
12270.165039
12464.212891
15416.294922
15212.912109
16060.392578
22405.552734
21074.871094
21452.529297
25105.179688
23526.857422
23495.966797
37098.375000
47363.230469
9233.508789
46176.972656
22199.894531
12108.774414
35389.683594
19950.714844
14772.707031
9089.160156
9239.490234
21793.785156
13509.710938
13183.818359
24616.531250
16230.705078
15502.838867
10014.402344
21644.970703
21067.687500
12633.747070
24030.742188
24202.648438
16536.283203
37096.730469
23092.638672
21980.630859
44279.777344
18059.917969
24824.535156
4564.065918
4754.544922
10438.252930
10559.410156
10114.795898
12952.784180
13245.529297
12724.869141
15923.714844
16235.933594
15735.400391
20642.373047
21016.064453
20870.814453
23200.763672
23356.865234
23567.654297
8750.000977
42540.660156
47502.417969
13388.351562
20751.285156
40315.765625
15006.323242
35615.136719
38135.652344
20277.662109
8684.006836
9111.830078
23492.769531
12028.815430
12530.515625
8935.218750
14344.178711
14730.058594
12197.011719
20806.800781
21037.849609
14743.987305
23295.685547
23465.322266
20533.636719
16935.548828
11431.404297
23400.289062
35915.640625
43733.445312
9146.783203
32130.271484
49942.703125
12446.349609
9895.341797
9314.217773
15889.715820
13440.689453
12433.443359
21352.156250
15914.945312
15287.257812
23878.869141
20967.064453
21253.257812
9809.393555
24420.289062
24075.750000
12526.770508
17531.113281
18842.660156
15596.029297
36878.441406
28880.998047
21091.082031
42895.218750
4773.929199
24096.095703
9592.409180
10219.952148
9429.996094
12235.312500
12472.582031
12719.398438
15508.967773
15650.974609
15310.124023
21196.544922
21270.082031
21158.773438
24280.953125
24190.574219
23786.457031
21185.210938
32918.308594
9750.001953
47818.406250
49504.800781
12931.660156
4181.993652
4209.049316
15226.684570
9450.756836
9576.101562
20394.109375
11855.339844
12250.020508
24226.251953
15689.204102
15298.877930
10523.814453
22268.732422
21309.056641
12924.318359
24538.917969
24177.117188
15058.669922
35007.542969
44476.460938
21510.947266
35255.656250
37071.082031
24428.656250
4169.835449
4844.960938
9948.007812
9954.413086
9949.761719
12459.509766
12534.472656
12458.850586
15291.112305
15253.908203
15116.507812
20986.660156
21326.943359
20874.490234
23877.796875
24441.421875
24088.794922
9895.331055
39513.031250
35997.074219
12419.884766
43341.062500
22802.880859
14791.468750
33381.593750
32399.421875
21131.443359
9541.540039
9976.000000
24426.593750
13390.999023
12522.974609
10079.342773
15969.552734
15072.819336
12510.617188
20991.703125
21204.787109
14952.885742
23443.732422
23694.228516
22458.175781
25719.562500
34810.496094
24207.779297
34302.921875
39062.160156
9057.393555
30637.621094
42691.457031
12428.967773
9590.504883
9643.068359
15006.842773
12405.743164
12476.327148
21030.693359
15386.297852
15476.855469
23986.957031
21324.808594
21193.791016
10110.534180
24455.685547
24407.740234
12789.789062
37636.113281
37346.894531
15687.962891
17313.818359
43146.695312
21410.310547
-752.378052
7911.004395
8675.648438
7920.647949
11643.745117
12399.448242
15469.909180
15464.677734
16082.903320
21848.990234
21390.894531
20750.011719
24103.826172
23727.203125
23296.414062
29056.505859
28264.941406
9531.943359
22350.423828
11405.858398
12210.171875
45570.238281
36447.429688
14000.004883
8355.950195
8830.270508
21757.597656
13089.243164
12963.907227
23891.503906
15589.992188
15245.051758
9825.224609
21433.644531
20986.128906
12799.518555
24565.339844
24056.615234
15771.862305
24347.111328
5337.915039
21264.646484
26987.628906
29448.660156
24152.681641
26279.552734
4363.374023
9710.664062
9724.077148
9566.136719
12376.522461
12530.243164
12316.917969
14735.567383
15008.889648
14666.983398
21276.287109
21599.871094
21265.654297
24121.931641
24511.923828
24113.275391
9457.288086
34961.242188
44235.011719
12421.561523
23645.191406
32442.710938
15357.090820
34396.398438
23516.406250
21897.113281
10676.210938
10053.319336
24577.355469
13187.734375
12597.717773
9198.814453
14826.149414
15060.475586
12606.647461
21561.580078
21525.673828
16334.151367
25105.886719
24710.837891
21957.361328
37213.496094
27272.658203
24926.964844
19268.625000
37953.566406
9936.107422
22390.476562
31679.445312
12694.258789
9704.428711
9749.759766
14479.686523
11988.933594
11754.771484
7904.458496
23632.853516
23786.914062
13072.144531
49722.777344
47344.695312
16052.145508
26184.621094
23652.259766
20857.378906
28177.568359
34251.968750
23440.179688
8987.428711
9594.086914
9509.300781
12432.938477
12447.363281
13471.180664
16567.710938
15845.927734
15116.816406
21755.167969
21302.138672
21012.724609
23939.960938
23940.933594
24279.380859
31026.072266
28154.460938
12507.942383
47294.796875
31551.466797
15340.644531
9653.640625
9594.982422
21289.833984
12738.832031
12627.419922
24035.023438
15448.564453
15286.828125
9959.007812
21662.285156
21195.658203
12581.154297
24111.865234
23763.507812
15189.177734
30356.433594
31499.974609
21347.523438
43358.636719
14682.704102
24306.001953
34287.296875
4485.099609
9628.620117
9695.570312
9614.734375
12483.656250
12662.941406
12398.927734
15763.952148
15935.949219
15760.991211
21447.173828
21816.716797
21292.990234
23783.779297
24124.472656
24008.951172
9287.327148
9515.253906
30797.101562
12328.927734
36906.246094
31634.210938
16151.383789
4866.223633
4493.208496
21865.925781
10751.448242
10088.462891
23558.048828
12029.047852
12408.555664
8746.959961
15119.022461
15532.527344
12993.944336
21851.449219
21609.222656
15555.320312
24135.568359
23540.843750
22221.152344
19038.423828
34423.722656
24789.062500
34565.535156
32044.107422
9601.957031
40618.062500
39475.289062
10213.377930
7933.047363
9532.048828
21477.585938
15673.749023
15528.002930
24016.443359
20917.363281
20842.455078
9858.846680
24119.732422
24211.955078
11891.040039
32087.373047
34377.214844
16321.034180
27046.433594
26431.476562
21356.789062
35465.757812
4444.422852
23629.787109
9224.483398
9597.152344
9750.001953
12517.674805
12581.515625
24171.529297
25380.312500
27169.203125
9613.316406
41660.269531
47102.046875
12422.282227
36794.945312
32318.429688
15873.604492
10228.732422
10217.322266
21277.779297
12736.350586
12721.612305
23863.244141
15431.820312
15254.215820
10049.095703
21690.062500
21426.400391
12743.095703
24417.435547
24096.486328
15993.162109
6201.270020
30186.277344
21250.011719
43906.570312
37803.921875
24523.074219
4396.975098
4977.569824
9907.961914
9930.537109
10005.035156
11752.412109
11871.632812
12151.249023
15359.946289
15525.332031
15351.005859
21583.181641
21983.962891
20910.345703
23387.205078
23883.181641
23555.583984
9824.343750
21411.689453
33464.175781
12946.283203
41757.703125
23292.599609
16043.515625
4466.567383
4712.895996
21343.703125
9939.330078
10042.964844
23932.679688
12289.141602
12293.745117
15050.242188
23954.152344
23423.867188
19746.808594
32838.621094
12139.648438
24695.302734
39205.050781
37096.589844
9268.954102
45515.292969
30989.492188
14897.370117
12162.867188
11831.905273
21446.375000
15742.122070
15523.678711
23949.488281
21202.816406
20870.128906
10263.805664
24762.613281
24401.675781
12267.136719
22997.984375
33235.484375
14952.630859
32312.396484
32599.416016
21190.037109
40772.429688
4354.423828
24263.603516
9942.222656
10192.326172
9856.035156
12834.007812
12654.408203
12654.243164
15802.279297
15561.785156
15326.278320
21286.625000
21048.761719
21021.494141
24332.064453
24142.906250
23899.781250
41070.800781
30226.183594
9551.340820
31907.798828
40242.023438
13381.266602
5011.741699
4311.343262
15139.173828
9231.880859
9256.275391
21152.447266
12517.275391
12774.173828
24431.226562
16019.535156
15665.065430
10536.827148
22261.167969
21769.060547
12956.967773
24824.960938
24442.998047
15266.314453
7951.976562
7186.008301
21623.035156
7942.942871
-1472.887207
12144.597656
11284.227539
12529.626953
20780.281250
21333.615234
21104.898438
14631.708008
26492.216797
24509.089844
21320.472656
9243.781250
9503.620117
23878.330078
12608.611328
12337.624023
9524.266602
15154.552734
14691.567383
12246.776367
21077.632812
20805.619141
15554.638672
24330.833984
23890.125000
21281.494141
20177.562500
23936.169922
24541.921875
31632.560547
40431.632812
9780.465820
30471.558594
4510.535156
11704.624023
8817.389648
9195.416016
15982.302734
13373.621094
12857.958008
22058.646484
16752.230469
15598.974609
24101.201172
21229.845703
20901.972656
9552.920898
23949.189453
23745.990234
12908.937500
6442.365234
33291.042969
12042.608398
16422.478516
16229.757812
14680.669922
20600.439453
20228.808594
21071.060547
24369.615234
23821.201172
23862.281250
36405.988281
19157.076172
9683.717773
22579.736328
10635.337891
12678.772461
33056.179688
32732.011719
15561.669922
9585.729492
9622.996094
21007.183594
12177.018555
12718.037109
21067.687500
