11.472960
10.947481
22.763809
6.290000
3.558610
3.110889
3.414571
3.304424
3.594286
7.030000
7.316939
15.759560
9.497483
4.748742
3.489343
5.624000
3.312055
3.464058
3.304424
5.121857
3.447404
3.585300
4.181108
3.724987
4.911370
4.121034
3.439137
4.039775
4.144855
3.390355
5.877541
21.729092
4.109226
10.392174
24.307119
3.398389
6.051139
3.390355
3.350748
4.702033
3.304424
5.014406
3.215516
3.259364
4.796388
4.796388
3.179867
3.734687
4.686667
4.028427
4.017143
4.181108
4.168953
3.667826
14.199208
18.624935
3.994763
11.204062
10.028811
4.385688
3.374400
4.039775
3.455711
3.230000
3.576359
3.304424
3.480874
3.705736
3.764094
3.489343
3.764094
4.877959
7.099604
3.744439
3.734687
5.253187
4.796388
3.667826
11.755082
17.705185
3.576359
14.633878
14.938750
3.406461
3.281739
3.251973
3.464058
3.464058
3.335163
3.705736
5.391429
3.567463
4.144855
3.350748
3.523636
3.439137
3.886504
3.639898
3.158855
3.414571
3.549802
3.350748
10.171064
11.951000
3.764094
13.529434
15.096000
3.724987
3.201161
3.567463
4.319639
3.304424
3.585300
3.677231
3.430909
3.439137
3.744439
4.062663
4.293772
3.472446
3.464058
4.453789
4.181108
3.715337
3.844826
3.382358
4.611318
20.784348
3.464058
6.431031
23.510164
3.506406
3.686684
3.090776
3.658469
3.319722
3.222742
3.612393
3.715337
3.327425
3.464058
3.390355
3.382358
4.828687
4.255549
3.532315
3.312055
4.385688
3.603317
3.576359
11.659512
22.763809
5.926116
23.130968
20.487429
3.382358
5.806154
3.097451
3.696186
3.230000
3.051319
3.422721
3.335163
3.734687
3.844826
3.266788
4.017143
3.594286
6.548493
3.464058
3.398389
4.641165
4.306667
4.218000
10.171064
11.381905
5.558605
23.130968
13.789615
3.705736
11.659512
13.923495
3.612393
3.289266
3.244615
3.603317
4.996934
3.259364
3.350748
3.774000
2.969193
3.472446
3.824320
3.489343
3.558610
3.734687
3.649160
3.558610
8.852593
12.691327
5.558605
16.484138
17.489267
3.350748
5.494713
4.156870
3.865553
3.350748
3.012857
3.567463
3.350748
3.259364
4.641165
3.281739
3.335163
3.414571
3.549802
3.281739
3.576359
3.480874
3.696186
3.677231
8.852593
16.296818
3.312055
12.257436
29.267756
3.744439
3.194031
3.031966
3.744439
3.715337
3.961657
6.000502
3.783958
3.667826
5.103630
3.382358
3.366479
6.345664
3.489343
3.398389
3.319722
4.017143
3.774000
6.701495
22.408125
14.341200
3.439137
16.296818
15.420645
3.541037
3.281739
3.532315
4.596538
3.783958
3.603317
3.447404
3.251973
3.342937
3.422721
3.358595
3.158855
3.497854
3.382358
3.506406
3.506406
5.158705
3.289266
3.541037
17.489267
13.157064
3.612393
17.278555
21.090000
3.319722
3.515000
3.151912
3.398389
3.131266
3.350748
3.215516
3.222742
3.455711
3.754241
3.455711
4.062663
3.541037
3.382358
3.549802
3.319722
5.158705
3.621515
6.208312
11.204062
9.019623
3.793968
14.486061
20.198874
3.734687
3.439137
3.715337
14.199208
8.639277
3.696186
4.074205
3.274247
3.335163
3.230000
5.829756
3.390355
3.472446
3.366479
3.734687
3.844826
3.342937
3.630684
4.109226
9.690000
8.102373
3.366479
18.153418
9.890483
5.877541
3.541037
3.439137
3.549802
3.327425
3.158855
3.630684
4.097486
3.194031
4.268214
3.422721
3.414571
9.373333
10.392174
3.705736
3.335163
3.374400
3.406461
6.460000
17.926500
12.804643
3.585300
6.208312
5.736480
3.576359
3.194031
3.237291
3.398389
3.237291
3.044841
3.576359
3.398389
3.186933
3.567463
3.480874
3.296828
3.558610
3.497854
3.430909
3.532315
3.950744
3.603317
4.399141
22.408125
9.373333
6.928116
7.064631
17.278555
3.649160
14.486061
3.201161
4.611318
3.844826
3.304424
3.612393
3.455711
3.266788
3.350748
3.266788
3.230000
3.335163
3.414571
3.289266
4.996934
17.926500
3.696186
13.402991
11.852231
3.715337
3.621515
10.623111
25.609285
4.193333
3.366479
3.414571
3.603317
3.374400
3.165828
4.132911
3.447404
3.350748
4.017143
3.734687
3.576359
14.060000
8.691636
4.996934
4.359027
4.440000
3.237291
6.639444
6.928116
22.408125
5.975500
15.934667
21.729092
4.121034
5.690952
10.702388
3.145000
14.938750
7.879780
3.658469
3.251973
3.201161
3.639898
3.319722
3.639898
3.585300
3.179867
3.398389
3.576359
4.218000
3.677231
3.585300
3.390355
3.734687
3.783958
3.715337
3.097451
3.804032
10.171064
22.408125
3.439137
12.804643
14.784742
3.447404
3.639898
17.489267
3.489343
3.439137
3.124444
3.480874
3.145000
3.489343
3.734687
3.455711
3.251973
3.497854
3.296828
3.335163
3.594286
3.422721
4.109226
3.567463
12.257436
14.341200
3.876000
10.099437
9.497483
3.541037
3.541037
3.038390
3.897065
4.181108
3.158855
3.447404
3.208322
3.398389
3.541037
3.179867
3.312055
4.399141
8.852593
3.907684
3.506406
4.796388
3.950744
5.452928
12.580000
12.470609
3.489343
21.729092
15.420645
3.319722
18.153418
12.804643
4.911370
3.366479
3.865553
4.332689
3.366479
3.639898
3.585300
3.715337
3.251973
3.523636
3.201161
3.201161
3.630684
4.440000
3.677231
3.649160
17.072857
14.633878
3.594286
14.784742
12.257436
3.677231
3.110889
3.172832
3.774000
3.319722
2.969193
3.374400
5.253187
2.926776
3.667826
3.259364
3.406461
5.158705
3.422721
3.667826
3.865553
3.439137
3.793968
3.876000
9.019623
21.090000
3.886504
10.782857
24.307119
3.464058
11.659512
22.763809
3.612393
3.327425
3.523636
4.611318
3.390355
3.764094
3.734687
3.567463
3.783958
3.667826
3.319722
3.814149
3.532315
3.715337
3.834545
3.715337
8.056854
10.317410
5.121857
6.670326
12.257436
3.558610
8.639277
25.160000
3.447404
3.124444
3.358595
3.667826
3.244615
3.398389
3.705736
4.928247
3.342937
3.814149
3.576359
3.907684
3.621515
3.237291
3.705736
3.541037
12.257436
6.076780
3.621515
22.408125
19.918333
5.901728
15.420645
3.439137
3.793968
3.390355
3.696186
4.168953
3.447404
3.576359
3.658469
3.793968
3.051319
3.523636
3.430909
3.705736
3.594286
3.366479
3.312055
5.558605
13.037455
14.486061
3.658469
6.764717
16.675814
3.422721
3.172832
3.158855
3.667826
3.296828
3.558610
3.754241
3.304424
3.151912
4.205630
3.259364
3.406461
4.702033
4.268214
3.834545
4.085812
4.538354
3.724987
4.218000
20.487429
23.130968
3.558610
5.411774
23.130968
5.515846
3.151912
3.497854
3.439137
3.382358
3.281739
3.455711
3.312055
3.390355
3.744439
3.281739
3.480874
3.472446
3.774000
3.523636
3.567463
3.289266
3.774000
3.515000
11.565484
12.580000
3.366479
10.243714
18.153418
3.686684
9.560800
21.729092
3.814149
3.289266
4.085812
3.422721
3.312055
3.630684
3.398389
4.097486
3.259364
3.406461
3.621515
3.051319
3.724987
3.497854
3.764094
3.814149
12.691327
10.864545
3.621515
13.037455
15.588261
3.630684
20.784348
11.472960
5.103630
6.155021
3.070921
3.398389
3.186933
3.489343
3.983667
3.398389
3.594286
3.567463
3.374400
3.658469
3.696186
3.497854
4.028427
3.567463
14.486061
18.870001
4.796388
8.852593
13.658286
17.278555
2.834229
7.354462
10.782857
6.155021
6.402321
3.824320
3.783958
3.025570
3.549802
3.327425
3.274247
3.667826
3.464058
3.414571
3.715337
15.096000
20.487429
3.541037
11.565484
9.690000
3.447404
9.959167
16.872000
3.549802
3.335163
3.558610
3.696186
3.390355
3.312055
3.764094
3.289266
3.489343
3.312055
3.319722
3.523636
3.532315
4.168953
3.734687
3.558610
13.789615
6.290000
4.626194
5.853551
15.759560
3.844826
14.938750
3.110889
3.281739
3.430909
3.366479
3.390355
3.025570
3.567463
3.754241
4.996934
3.576359
3.472446
3.259364
3.259364
3.304424
3.319722
3.506406
3.489343
8.798282
16.484138
3.480874
17.705185
9.435000
3.515000
22.063385
14.341200
3.972632
3.165828
3.335163
3.715337
3.201161
3.179867
3.350748
3.603317
3.686684
3.764094
4.611318
3.783958
4.812483
7.628298
3.194031
4.144855
10.392174
9.624966
4.911370
16.484138
23.130968
3.430909
13.402991
21.729092
4.733069
4.552762
3.585300
11.031692
9.690000
4.733069
4.268214
14.633878
4.671401
3.398389
11.031692
12.691327
3.515000
19.121599
9.076709
3.630684
9.890483
13.789615
3.612393
3.244615
3.567463
3.541037
3.430909
3.312055
3.398389
3.677231
3.382358
7.508482
3.464058
3.594286
5.901728
3.319722
3.696186
6.025714
13.923495
6.155021
4.359027
25.160000
17.489267
3.686684
3.124444
3.215516
3.603317
3.266788
3.506406
3.621515
3.567463
3.422721
3.447404
3.430909
3.677231
3.422721
3.406461
3.677231
3.489343
7.967333
8.744634
3.639898
20.487429
10.864545
3.744439
22.408125
3.266788
3.430909
3.335163
3.567463
3.744439
3.350748
3.630684
3.430909
3.327425
3.639898
3.649160
7.170600
3.165828
3.724987
3.390355
3.834545
3.541037
5.926116
9.076709
3.621515
9.560800
10.623111
3.390355
3.319722
3.090776
3.649160
3.274247
2.963058
3.897065
3.366479
3.612393
7.836721
3.983667
2.926776
4.074205
3.382358
2.981538
3.715337
3.793968
3.414571
4.168953
12.257436
10.545000
4.481625
11.755082
6.208312
4.845000
23.510164
23.510164
9.193077
8.194971
4.780400
4.017143
3.705736
3.686684
7.134925
4.345818
3.497854
3.630684
3.506406
3.744439
3.612393
15.759560
16.484138
3.667826
15.096000
18.870001
3.327425
16.675814
3.289266
3.886504
3.186933
3.179867
6.861818
3.398389
3.327425
6.025714
9.076709
15.420645
3.603317
18.153418
16.296818
4.218000
22.763809
14.341200
3.414571
4.051186
3.754241
4.097486
3.259364
2.926776
3.455711
3.090776
3.576359
3.523636
3.289266
3.677231
3.398389
3.639898
3.994763
5.806154
7.279797
13.037455
3.612393
10.392174
19.379999
5.272500
3.327425
3.793968
3.639898
3.222742
3.319722
3.594286
3.715337
3.567463
3.677231
3.327425
3.724987
3.532315
3.472446
3.281739
3.667826
3.696186
3.667826
3.335163
12.920000
21.090000
3.472446
8.798282
18.386154
3.686684
3.439137
3.430909
3.585300
3.480874
3.677231
18.153418
10.468029
4.686667
11.031692
8.386667
3.090776
13.529434
22.063385
9.822740
6.102638
15.759560
14.486061
9.193077
15.934667
21.404776
3.774000
3.567463
3.715337
3.677231
3.406461
3.350748
3.886504
3.686684
3.439137
3.576359
3.497854
3.594286
3.677231
6.829143
14.199208
3.734687
8.798282
13.529434
4.193333
11.755082
3.897065
3.754241
3.649160
3.251973
3.414571
3.138118
3.621515
3.335163
5.452928
3.621515
3.523636
3.382358
3.907684
3.585300
3.754241
3.824320
3.696186
12.470609
20.198874
3.398389
21.090000
6.701495
3.603317
3.814149
3.090776
3.639898
3.472446
3.366479
5.391429
5.853551
3.876000
3.824320
4.372317
3.639898
4.748742
7.316939
4.552762
4.780400
5.272500
5.158705
4.611318
4.733069
7.279797
4.671401
4.255549
3.350748
10.782857
7.923315
2.963058
13.278889
4.181108
3.686684
3.754241
15.759560
11.755082
3.715337
9.019623
2.932761
3.621515
3.506406
3.705736
5.515846
3.515000
4.017143
3.603317
3.342937
2.950864
3.793968
4.132911
3.715337
3.558610
8.102373
14.199208
3.506406
21.090000
13.923495
3.439137
17.072857
4.242959
3.585300
3.215516
3.774000
3.506406
4.181108
3.222742
3.667826
3.621515
3.621515
3.929096
4.399141
3.961657
3.705736
4.453789
4.132911
4.717500
4.626194
12.153559
11.951000
4.062663
3.266788
4.039775
3.744439
3.649160
3.764094
3.585300
3.804032
3.658469
15.096000
7.099604
3.549802
13.529434
8.852593
3.744439
17.705185
22.063385
3.783958
3.172832
3.158855
3.686684
3.439137
4.230442
3.201161
