2.939918
3.039576
3.059019
3.085333
3.098661
3.105368
3.105368
3.118869
3.118869
3.118869
3.125664
3.125664
3.125664
3.132489
3.132489
3.139343
3.139343
3.139343
3.139343
3.139343
3.146228
3.153143
3.160088
3.160088
3.167064
3.167064
3.167064
3.167064
3.181108
3.188178
3.188178
3.188178
3.188178
3.195278
3.195278
3.202411
3.202411
3.202411
3.202411
3.202411
3.209575
3.209575
3.209575
3.209575
3.209575
3.216771
3.216771
3.216771
3.216771
3.216771
3.216771
3.216771
3.224000
3.224000
3.224000
3.224000
3.224000
3.224000
3.224000
3.224000
3.231261
3.231261
3.231261
3.231261
3.231261
3.231261
3.231261
3.238555
3.238555
3.245882
3.245882
3.245882
3.245882
3.245882
3.245882
3.245882
3.245882
3.245882
3.245882
3.245882
3.245882
3.245882
3.245882
3.245882
3.245882
3.245882
3.253242
3.253242
3.253242
3.253242
3.253242
3.253242
3.253242
3.253242
3.253242
3.253242
3.253242
3.253242
3.253242
3.253242
3.253242
3.253242
3.253242
3.253242
3.253242
3.253242
3.260636
3.260636
3.260636
3.260636
3.260636
3.260636
3.260636
3.260636
3.260636
3.260636
3.260636
3.260636
3.260636
3.260636
3.260636
3.260636
3.260636
3.260636
3.260636
3.260636
3.260636
3.268064
3.268064
3.268064
3.268064
3.268064
3.268064
3.268064
3.268064
3.268064
3.268064
3.268064
3.268064
3.268064
3.268064
3.275525
3.275525
3.275525
3.275525
3.275525
3.275525
3.275525
3.275525
3.275525
3.275525
3.275525
3.275525
3.275525
3.275525
3.275525
3.275525
3.275525
3.275525
3.275525
3.275525
3.275525
3.275525
3.275525
3.283020
3.283020
3.283020
3.283020
3.283020
3.283020
3.283020
3.283020
3.283020
3.283020
3.283020
3.283020
3.283020
3.283020
3.283020
3.283020
3.283020
3.283020
3.290550
3.290550
3.290550
3.290550
3.290550
3.290550
3.290550
3.290550
3.290550
3.290550
3.290550
3.290550
3.290550
3.290550
3.290550
3.290550
3.290550
3.298115
3.298115
3.298115
3.298115
3.298115
3.298115
3.298115
3.298115
3.298115
3.298115
3.298115
3.298115
3.298115
3.298115
3.298115
3.298115
3.298115
3.298115
3.305714
3.305714
3.305714
3.305714
3.305714
3.305714
3.305714
3.305714
3.305714
3.305714
3.305714
3.305714
3.305714
3.305714
3.305714
3.305714
3.305714
3.305714
3.305714
3.305714
3.305714
3.305714
3.313349
3.313349
3.313349
3.313349
3.313349
3.313349
3.313349
3.313349
3.313349
3.313349
3.313349
3.313349
3.313349
3.313349
3.313349
3.313349
3.313349
3.313349
3.313349
3.313349
3.313349
3.313349
3.313349
3.313349
3.313349
3.313349
3.313349
3.313349
3.321018
3.321018
3.321018
3.321018
3.321018
3.321018
3.321018
3.321018
3.321018
3.321018
3.321018
3.321018
3.321018
3.328724
3.328724
3.328724
3.328724
3.328724
3.328724
3.328724
3.328724
3.328724
3.328724
3.328724
3.328724
3.328724
3.328724
3.328724
3.328724
3.328724
3.328724
3.328724
3.328724
3.328724
3.328724
3.336465
3.336465
3.336465
3.336465
3.336465
3.336465
3.336465
3.336465
3.336465
3.336465
3.336465
3.336465
3.336465
3.336465
3.336465
3.336465
3.336465
3.336465
3.336465
3.336465
3.336465
3.336465
3.336465
3.336465
3.344242
3.344242
3.344242
3.344242
3.344242
3.344242
3.344242
3.344242
3.344242
3.344242
3.344242
3.344242
3.344242
3.344242
3.344242
3.344242
3.344242
3.344242
3.344242
3.344242
3.344242
3.344242
3.352056
3.352056
3.352056
3.352056
3.352056
3.352056
3.352056
3.352056
3.352056
3.352056
3.352056
3.352056
3.352056
3.352056
3.352056
3.352056
3.352056
3.352056
3.352056
3.352056
3.359906
3.359906
3.359906
3.359906
3.359906
3.359906
3.359906
3.359906
3.359906
3.359906
3.359906
3.359906
3.359906
3.359906
3.359906
3.359906
3.359906
3.359906
3.359906
3.359906
3.359906
3.359906
3.359906
3.359906
3.359906
3.359906
3.359906
3.359906
3.359906
3.359906
3.359906
3.367793
3.367793
3.367793
3.367793
3.367793
3.367793
3.367793
3.367793
3.367793
3.367793
3.367793
3.367793
3.367793
3.367793
3.367793
3.375717
3.375717
3.375717
3.375717
3.375717
3.375717
3.375717
3.375717
3.375717
3.375717
3.375717
3.375717
3.375717
3.375717
3.375717
3.375717
3.375717
3.375717
3.375717
3.375717
3.375717
3.375717
3.375717
3.375717
3.375717
3.375717
3.375717
3.383679
3.383679
3.383679
3.383679
3.383679
3.383679
3.383679
3.383679
3.383679
3.383679
3.383679
3.383679
3.383679
3.383679
3.383679
3.383679
3.383679
3.383679
3.383679
3.383679
3.383679
3.383679
3.383679
3.383679
3.383679
3.391678
3.391678
3.391678
3.391678
3.391678
3.391678
3.391678
3.391678
3.391678
3.391678
3.391678
3.391678
3.391678
3.391678
3.391678
3.391678
3.391678
3.391678
3.391678
3.399715
3.399715
3.399715
3.399715
3.399715
3.399715
3.399715
3.399715
3.399715
3.399715
3.399715
3.399715
3.399715
3.399715
3.399715
3.399715
3.399715
3.399715
3.399715
3.399715
3.399715
3.399715
3.407791
3.407791
3.407791
3.407791
3.407791
3.407791
3.407791
3.407791
3.407791
3.407791
3.407791
3.407791
3.407791
3.407791
3.407791
3.407791
3.407791
3.407791
3.407791
3.407791
3.407791
3.407791
3.407791
3.407791
3.407791
3.407791
3.407791
3.415905
3.415905
3.415905
3.415905
3.415905
3.415905
3.415905
3.415905
3.415905
3.415905
3.415905
3.415905
3.415905
3.415905
3.415905
3.415905
3.415905
3.415905
3.415905
3.415905
3.415905
3.415905
3.415905
3.424057
3.424057
3.424057
3.424057
3.424057
3.424057
3.424057
3.424057
3.424057
3.424057
3.424057
3.424057
3.424057
3.424057
3.424057
3.424057
3.424057
3.424057
3.424057
3.424057
3.424057
3.424057
3.424057
3.424057
3.424057
3.424057
3.424057
3.424057
3.424057
3.432249
3.432249
3.432249
3.432249
3.432249
3.432249
3.432249
3.432249
3.432249
3.432249
3.432249
3.432249
3.432249
3.432249
3.432249
3.432249
3.432249
3.432249
3.432249
3.432249
3.432249
3.432249
3.432249
3.432249
3.432249
3.432249
3.432249
3.432249
3.432249
3.432249
3.440479
3.440479
3.440479
3.440479
3.440479
3.440479
3.440479
3.440479
3.440479
3.440479
3.440479
3.440479
3.440479
3.440479
3.440479
3.440479
3.440479
3.440479
3.440479
3.440479
3.440479
3.440479
3.440479
3.440479
3.440479
3.440479
3.448750
3.448750
3.448750
3.448750
3.448750
3.448750
3.448750
3.448750
3.448750
3.448750
3.448750
3.448750
3.448750
3.448750
3.448750
3.448750
3.448750
3.448750
3.448750
3.448750
3.448750
3.448750
3.448750
3.448750
3.448750
3.448750
3.448750
3.448750
3.448750
3.448750
3.448750
3.448750
3.457060
3.457060
3.457060
3.457060
3.457060
3.457060
3.457060
3.457060
3.457060
3.457060
3.457060
3.457060
3.457060
3.457060
3.457060
3.457060
3.457060
3.465410
3.465410
3.465410
3.465410
3.465410
3.465410
3.465410
3.465410
3.465410
3.465410
3.465410
3.465410
3.465410
3.465410
3.465410
3.465410
3.465410
3.465410
3.473801
3.473801
3.473801
3.473801
3.473801
3.473801
3.473801
3.473801
3.473801
3.473801
3.473801
3.473801
3.473801
3.473801
3.473801
3.473801
3.473801
3.473801
3.473801
3.473801
3.482233
3.482233
3.482233
3.482233
3.482233
3.482233
3.482233
3.482233
3.482233
3.482233
3.482233
3.482233
3.482233
3.490705
3.490705
3.490705
3.490705
3.490705
3.490705
3.490705
3.490705
3.490705
3.490705
3.490705
3.490705
3.490705
3.490705
3.490705
3.490705
3.490705
3.490705
3.490705
3.490705
3.490705
3.490705
3.490705
3.490705
3.499219
3.499219
3.499219
3.499219
3.499219
3.499219
3.499219
3.499219
3.499219
3.499219
3.499219
3.499219
3.499219
3.499219
3.507775
3.507775
3.507775
3.507775
3.507775
3.507775
3.507775
3.507775
3.507775
3.507775
3.507775
3.507775
3.507775
3.516372
3.516372
3.516372
3.516372
3.516372
3.516372
3.516372
3.516372
3.516372
3.516372
3.516372
3.516372
3.516372
3.516372
3.516372
3.516372
3.516372
3.516372
3.516372
3.516372
3.516372
3.516372
3.516372
3.516372
3.516372
3.516372
3.516372
3.525012
3.525012
3.525012
3.525012
3.525012
3.525012
3.525012
3.525012
3.525012
3.525012
3.525012
3.525012
3.525012
3.525012
3.525012
3.525012
3.525012
3.525012
3.525012
3.525012
3.525012
3.525012
3.525012
3.533694
3.533694
3.533694
3.533694
3.533694
3.533694
3.533694
3.533694
3.533694
3.533694
3.533694
3.533694
3.533694
3.533694
3.533694
3.533694
3.533694
3.533694
3.533694
3.533694
3.533694
3.533694
3.533694
3.533694
3.533694
3.533694
3.542420
3.542420
3.542420
3.542420
3.542420
3.542420
3.542420
3.542420
3.542420
3.542420
3.542420
3.542420
3.542420
3.542420
3.542420
3.542420
3.542420
3.542420
3.542420
3.542420
3.542420
3.542420
3.542420
3.542420
3.542420
3.551188
3.551188
3.551188
3.551188
3.551188
3.551188
3.551188
3.551188
3.551188
3.551188
3.551188
3.551188
3.551188
3.551188
3.551188
3.551188
3.551188
3.551188
3.551188
3.551188
3.551188
3.551188
3.551188
3.551188
3.560000
3.560000
3.560000
3.560000
3.560000
3.560000
3.560000
3.560000
3.560000
3.560000
3.560000
3.560000
3.560000
3.560000
3.560000
3.560000
3.560000
3.560000
3.560000
3.560000
3.560000
3.560000
3.560000
3.568856
3.568856
3.568856
3.568856
3.568856
3.568856
3.568856
3.568856
3.568856
3.568856
3.568856
3.568856
3.568856
3.568856
3.568856
3.568856
3.568856
3.568856
3.577755
3.577755
3.577755
3.577755
3.577755
3.577755
3.577755
3.577755
3.577755
3.577755
3.577755
3.577755
3.577755
3.577755
3.577755
3.577755
3.577755
3.577755
3.577755
3.577755
3.586700
3.586700
3.586700
3.586700
3.586700
3.586700
3.586700
3.586700
3.586700
3.595689
3.595689
3.595689
3.595689
3.595689
3.595689
3.595689
3.595689
3.595689
3.595689
3.595689
3.595689
3.595689
3.595689
3.595689
3.595689
3.595689
3.595689
3.604723
3.604723
3.604723
3.604723
3.604723
3.604723
3.604723
3.604723
3.604723
3.604723
3.604723
3.604723
3.604723
3.604723
3.604723
3.604723
3.604723
3.604723
3.604723
3.604723
3.604723
3.613803
3.613803
3.613803
3.613803
3.613803
3.613803
3.613803
3.613803
3.613803
3.613803
3.613803
3.613803
3.613803
3.613803
3.613803
3.613803
3.622929
3.622929
3.622929
3.622929
3.622929
3.622929
3.622929
3.622929
3.622929
3.622929
3.622929
3.622929
3.622929
3.622929
3.622929
3.622929
3.622929
3.622929
3.622929
3.622929
3.622929
3.622929
3.622929
3.622929
3.632101
3.632101
3.632101
3.632101
3.632101
3.632101
3.632101
3.632101
3.632101
3.632101
3.632101
3.632101
3.632101
3.632101
3.632101
3.632101
3.632101
3.632101
3.632101
3.632101
3.641320
3.641320
3.641320
3.641320
3.641320
3.641320
3.641320
3.641320
3.641320
3.641320
3.641320
3.641320
3.641320
3.641320
3.641320
3.641320
3.641320
3.641320
3.641320
3.641320
3.641320
3.650585
3.650585
3.650585
3.650585
3.650585
3.650585
3.650585
3.650585
3.650585
3.650585
3.650585
3.650585
3.650585
3.650585
3.650585
3.650585
3.659898
3.659898
3.659898
3.659898
3.659898
3.659898
3.659898
3.659898
3.659898
3.659898
3.659898
3.659898
3.659898
3.659898
3.659898
3.669258
3.669258
3.669258
3.669258
3.669258
3.669258
3.669258
3.669258
3.669258
3.669258
3.669258
3.669258
3.669258
3.669258
3.669258
3.669258
3.669258
3.678666
3.678666
3.678666
3.678666
3.678666
3.678666
3.678666
3.678666
3.678666
3.678666
3.678666
3.678666
3.678666
3.688123
3.688123
3.688123
3.688123
3.688123
3.688123
3.688123
3.688123
3.688123
3.688123
3.688123
3.697629
3.697629
3.697629
3.697629
3.697629
3.697629
3.697629
3.697629
3.697629
3.707183
3.707183
3.707183
3.707183
3.707183
3.707183
3.707183
3.707183
3.707183
3.707183
3.707183
3.707183
3.716787
3.716787
3.716787
3.716787
3.716787
3.716787
3.716787
3.716787
3.716787
3.716787
3.726441
3.726441
3.726441
3.726441
3.726441
3.726441
3.726441
3.726441
3.736146
3.736146
3.736146
3.745901
3.745901
3.745901
3.745901
3.745901
3.745901
3.745901
3.745901
3.745901
3.755707
3.755707
3.765564
3.765564
3.765564
3.765564
3.765564
3.765564
3.765564
3.765564
3.765564
3.765564
3.775474
3.775474
3.775474
3.775474
3.775474
3.775474
3.775474
3.775474
3.785435
3.785435
3.785435
3.785435
3.785435
3.795450
3.795450
3.805517
3.805517
3.805517
3.815638
3.815638
3.815638
3.815638
3.815638
3.815638
3.825813
3.836043
3.846327
3.856666
3.867062
3.909210
3.909210
3.919891
3.930630
3.930630
3.941428
3.952286
3.952286
3.974183
3.974183
3.996323
4.007486
4.018711
4.041352
4.041352
4.052768
4.064249
4.110831
4.158493
4.194971
4.219647
4.257210
4.257210
4.269881
4.269881
4.308348
4.308348
4.374024
4.374024
4.400859
4.428024
4.428024
4.455528
4.469408
4.469408
4.497429
4.511572
4.525804
4.525804
4.540126
4.540126
4.554539
4.554539
4.613119
4.613119
4.642977
4.673225
4.673225
4.673225
4.688497
4.688497
4.688497
4.688497
4.688497
4.703869
4.703869
4.719342
4.719342
4.734917
4.734917
4.734917
4.734917
4.750596
4.750596
4.750596
4.750596
4.750596
4.766379
4.766379
4.782266
4.782266
4.782266
4.782266
4.782266
4.782266
4.782266
4.798261
4.798261
4.798261
4.798261
4.798261
4.798261
4.798261
4.814362
4.830572
4.830572
4.830572
4.830572
4.830572
4.863322
4.863322
4.863322
4.879864
4.896519
4.896519
4.896519
4.913287
4.913287
4.913287
4.913287
4.913287
4.913287
4.930172
4.930172
4.947172
4.947172
4.947172
4.947172
4.947172
4.964290
4.964290
4.964290
4.964290
4.964290
4.964290
4.981528
4.981528
4.981528
4.981528
4.998885
4.998885
