260.479
100.285
335.602
52.6465
305.107
308.982
269.164
363.243
381.518
469.914
328.432
260.211
881.291
136.14
301.006
495.928
339.461
210.242
373.781
299.213
310.878
331.831
0
331.29
400.943
503.492
221.69
545.373
520.92
99.0078
144.787
1154.02
223.232
373.213
533.816
264.458
209.859
357.094
319.682
446.566
360.221
199.017
395.157
357.833
253.865
176.352
362.857
285.373
247.672
364.412
380.802
410.707
385.15
239.653
94.2617
151.527
236.529
476.791
563.088
235.697
294.832
333.709
145.596
326.116
388.487
194.281
369.218
292.376
292.316
429.775
356.233
372.483
159.881
320.887
235.199
265.604
709.371
477.029
608.822
1348.78
319.259
140.764
362.352
102.029
360.607
288.543
190.927
271.769
349.971
144.105
150.685
342.792
81.5762
366.307
388.801
69.6143
0
474.723
171.925
351.486
357.607
196.566
303.535
63.4102
200.953
160.854
239.545
52.7656
306.696
289.397
108.273
301.678
388.609
333.547
376.392
345.367
275.586
453.589
107.037
76.0664
402.49
232.551
351.148
313.615
511.891
135.281
258.668
330.979
152.791
502.445
198.473
284.06
306.122
327.41
90.9297
311.101
333.368
202.5
362.146
345.927
183.228
347.23
368.354
259.908
278.934
343.586
196.642
336.408
343.516
88.793
84.7344
197.371
205.494
74.9414
217.764
226.905
284.186
323.792
188.275
288.836
334.917
173.681
345.694
383.682
240.885
341.141
326.069
353.91
457.6
374.711
256.27
320.16
336.58
246.845
26.0078
203.254
224.34
524.059
180.887
314.057
610.754
1429.02
94.2578
282.438
304.998
298.653
141.619
326.663
218.523
339.664
290.846
211.24
321.793
308.859
120.371
373.354
413.33
84.7832
305.078
51.0898
429.272
473.707
578.721
248.498
54.0864
298.128
250.225
277.941
289.923
102.395
228.748
306.966
224.453
290.619
389.263
194.397
285.672
357.211
174.406
364.242
451.594
141.58
31.7031
232.484
125.646
1027.59
166.645
190.223
302.338
284.179
215.338
297.899
346.577
0.000976
229.15
281.589
264.271
265.929
269.982
260.834
384.152
353.301
150.896
279.768
307.119
259.468
168.168
299.82
234.257
571.855
214.078
191.435
275.927
263.827
214.717
292.804
284.803
189.574
344.458
333.253
238.181
295.243
321.004
123.057
369.062
381.797
137.279
327.902
343.553
162.742
52.0195
633.453
99.8477
427.119
61.0117
215.576
426.71
263.145
130.714
278.078
300.585
170.048
247.525
265.897
180.141
344.618
341.256
65.3711
293.252
388.865
149.349
332.834
335.834
351.585
183.273
172.311
327.725
564.172
478.102
290.512
289.919
338.022
305.572
33.1221
302.354
0
292.951
321.708
174.279
163.45
283.004
110.917
411.074
317.662
121.42
316.201
301.41
166.826
314.488
29.2188
190.962
1088.27
30.8223
295.507
179.15
288.318
0
280.32
318.687
275.156
374.551
282.152
237.936
304.354
393.113
155.463
714.873
357.652
168.739
328.309
235.248
341.531
1931.46
1376.31
146.6
174.336
25.5
123.906
286.002
271.208
182.424
280.77
289.062
147.678
330.471
315.956
151.73
375.881
355.975
66.0312
201.039
303.947
96.457
313.633
308.08
100.155
543.824
334.414
270.868
282.092
197.695
186.844
193.863
239.189
426.4
362.551
353.761
223.074
333.896
336.601
153.99
328.229
340.329
228.709
264.318
295.443
592.404
286.697
354.047
91.8594
279.707
355.364
142.35
361.808
185
260.857
326.531
292.623
127.111
258.979
333.17
296.947
320.374
274.53
305.973
306.892
348.287
338.203
311.363
229.631
253.852
332.381
331.217
493.007
195.065
974.953
346.438
808.617
1337.21
390.658
62.2734
1826.07
284.459
948.867
526.371
379.649
293.8
305.543
205.324
307.289
297.146
445.799
323.871
331.632
325.75
363.353
371.512
300.987
293.775
160.223
389.319
413.748
277.787
296.031
669.289
154.809
311.828
391.49
184.207
324.588
253.289
113.576
224.874
333.577
334.976
276.573
235.337
280.301
287.885
356.753
327.297
198.025
297.545
369.035
323.593
325.248
408.885
319.572
169.674
709.182
359.358
380.824
300.141
282.09
269.771
284.674
261.518
344.469
316.605
244.426
330.639
313.605
383.566
307.086
314.687
415.345
474.205
354.326
312.197
396.344
266.381
275.832
503.844
156.852
236.386
102.277
271.896
102.328
50.7266
279.871
187.09
367.272
0
322.334
257.175
307.812
191.617
109.516
311.024
293.068
322.295
329.52
282.674
283.051
307.311
312.228
196.133
237.863
281.564
153.184
285.445
385.326
312.864
299.643
238.568
335.663
277.925
270.271
309.846
282.407
300.64
404.295
294.376
128.508
414.645
262.096
324.834
394.746
300.457
0
132.668
119.656
355.922
235.371
376.082
275.94
185.688
1345.98
307.205
339.35
341.998
86.4551
310.637
304.928
258.099
194.965
260.283
192.291
386.379
232.746
135.44
332.328
486.52
132.969
528.822
15.0264
382.18
872.461
80.5508
313.883
368.994
464.984
288.096
328.585
275.098
250.222
258.492
336.105
342.547
167.432
307.942
464.307
344.1
352.506
0
291.635
379.666
205.536
74.5977
244.672
229.007
309.422
868.566
89.2695
621.344
309.824
238.781
284.112
297.326
333
394.961
277.441
216.611
317.835
305.043
278.657
350.145
331.816
262.855
459.072
274.529
190.266
58.9512
443.486
0
54.5586
126.973
287.668
275.68
289.953
230.908
330.086
315.438
218.695
290.684
328.441
413.855
334.695
341.046
297.286
327.873
305.721
293.657
340.723
357.723
306.288
322.945
357
266.623
1137.1
182.648
240.729
326.816
0
283.501
297.142
275.646
248.77
315.633
367.283
326.28
210.213
253.37
192.199
407.984
335.129
99.5508
403.07
290.691
292.223
1548.39
220.715
146.543
99.832
158.135
251.793
465.793
310.143
386.744
329.678
327.809
163.252
376.865
297.927
332.817
261.357
306.142
328.644
294.68
306.201
439.801
390.17
310.002
446.33
815.768
230.992
318.117
1095.36
258.625
299.02
1864.16
259.48
358.326
359.799
322.29
176.094
328.774
342.879
320.436
377.018
324.548
295.85
384.555
307.652
314.776
404.557
272.322
293.587
767.059
39.5039
593.183
466.75
451.707
560.91
0
53.7939
17.0176
20.7925
119.982
372.917
292.69
324.908
355.612
325.406
308.65
0
589.078
326.205
217.744
129.311
1497.86
285.981
444.336
114.861
268.118
446.523
129.109
0
314.505
290.56
272.582
0
299.485
146.502
361.326
389.212
270.289
305.973
297.893
277.36
337.598
397.842
351.2
283.709
6.8335
48.3457
286.578
1498.37
400.137
367.322
289.004
233.88
218.525
325.82
272.911
284.627
290.978
323.762
439.879
372.583
308.643
351.912
310.312
288.221
379.801
335.219
298.3
412.27
291.305
315.617
390.467
238.412
302.123
1032.07
166.303
176.031
369.274
327.97
363.629
257.347
324.321
274.271
370.991
336.442
252.35
682.756
406.479
310.507
459.695
306.645
383.242
468.453
1372.07
403.137
144.533
514.086
319.055
823.867
915.971
0
127.855
285.338
90.4287
361.118
317.235
17.5161
889.428
377.275
276.065
107.457
435.301
338.117
742.121
1238.09
330.824
34.3691
1485.27
240.516
323.495
348.537
290.188
376.859
332.312
271.968
365.446
354.587
304.684
351.031
365.66
0
392.162
407.404
400.492
260.238
548.234
295.847
440.391
467.467
267.319
294.13
325.644
296.729
318.029
356.226
326.896
336.805
348.58
278.307
518.508
243.131
294.25
260.369
519.219
212.763
341.922
216.701
273.594
297.062
243.898
350.012
449.797
296.211
245.637
309.222
273.044
259.821
348.164
315.252
286.685
285.554
311.38
357.076
309.016
316.098
162.412
348.971
268.984
234.279
665.094
143.062
200.816
471.172
230.176
218.344
344.192
328.625
105.07
330.167
335.507
161.863
358.962
317.962
365.959
382.57
325.355
391.716
374.271
404.268
277.19
415.053
375.191
320.812
124.734
191.895
352.436
223.648
172.775
206.115
416.367
447.348
89.7686
40.4219
265.161
372.439
320.449
287.356
206.553
361.785
400.174
348.254
362.342
346.555
255.475
688.561
1549
160.851
469.561
0
202.688
644.742
333.446
162.689
308.242
332.153
0
324.162
330.781
226.27
1324.05
291.227
251.601
182.406
140.969
274.053
457.625
305.541
284.083
338.37
346.185
236.449
300.574
294.721
329.336
346.085
311.054
248.228
311.094
271.484
284.715
425.887
356.518
259.913
139.303
394.613
0
488.996
160.285
244.338
326.906
308.312
293.504
295.693
288.885
224.753
302.278
254.783
312.839
370.697
361.236
184.008
137.928
353.51
185.762
395.922
297.012
263.778
265.682
1666.17
291.258
149.445
490.539
291.486
269.895
275.875
281.842
343.608
305.8
254.973
73.334
228.145
331.769
355.371
335.096
109.736
563.654
137.028
196.799
1400.51
136.945
190.033
475.707
303.59
320.021
285.604
238.852
313.621
361.863
306.134
398.885
364.746
293.914
305.167
304.627
377.562
314.65
204.326
187.613
330.793
555.074
347.277
290.707
865.043
298.814
207.822
351.882
296.251
250.435
338.689
307.237
233.363
348.332
293.406
234.697
294.352
299
74.9727
274.82
442.602
339.484
139.598
171.619
215.097
98.3496
284.004
216.871
214.7
269.133
373.263
329.669
303.967
514.01
307.646
344.062
302.477
245.746
328.924
175.552
428.547
383.322
220.081
240.264
360.344
274.863
49.1265
14.8716
481.004
63.9351
29.7557
254.559
115.763
316.204
1327.36
342.873
331.043
270.325
140.037
102.941
384.229
229.949
297.331
246.471
373.89
275.909
598.116
270.984
176.28
252.861
274.104
315.488
321.229
371.973
324.836
309.254
210.422
256.818
294.832
107.406
343.793
279.593
231.852
229.978
277.521
268.235
282.563
281.774
360.014
295.934
256.133
316.1
249.467
400.334
337.676
334.078
282.698
318.949
334.492
248.652
37.75
124.004
444.704
302.105
363.73
274.502
318.861
353.893
240.119
321.066
344.562
196.645
66.3828
504.572
279.391
290.785
369.502
344.985
675.035
170.158
217.351
291.813
303.883
218.438
297.805
330.748
329.52
